0 0
1 100
2 201
3 301
4 402
5 502
6 603
7 703
8 804
9 904
10 1005
11 1105
12 1206
13 1306
14 1406
15 1507
16 1607
17 1708
18 1808
19 1908
20 2009
21 2109
22 2209
23 2310
24 2410
25 2510
26 2610
27 2711
28 2811
29 2911
30 3011
31 3111
32 3211
33 3311
34 3411
35 3511
36 3611
37 3711
38 3811
39 3911
40 4011
41 4110
42 4210
43 4310
44 4409
45 4509
46 4608
47 4708
48 4807
49 4907
50 5006
51 5106
52 5205
53 5304
54 5403
55 5502
56 5601
57 5700
58 5799
59 5898
60 5997
61 6096
62 6195
63 6293
64 6392
65 6491
66 6589
67 6688
68 6786
69 6884
70 6982
71 7081
72 7179
73 7277
74 7375
75 7473
76 7571
77 7668
78 7766
79 7864
80 7961
81 8059
82 8156
83 8253
84 8351
85 8448
86 8545
87 8642
88 8739
89 8836
90 8932
91 9029
92 9126
93 9222
94 9319
95 9415
96 9511
97 9607
98 9703
99 9799
100 9895
101 9991
102 10087
103 10182
104 10278
105 10373
106 10469
107 10564
108 10659
109 10754
110 10849
111 10944
112 11038
113 11133
114 11227
115 11322
116 11416
117 11510
118 11604
119 11698
120 11792
121 11886
122 11980
123 12073
124 12166
125 12260
126 12353
127 12446
128 12539
129 12632
130 12724
131 12817
132 12909
133 13002
134 13094
135 13186
136 13278
137 13370
138 13462
139 13553
140 13645
141 13736
142 13827
143 13918
144 14009
145 14100
146 14191
147 14281
148 14372
149 14462
150 14552
151 14642
152 14732
153 14822
154 14911
155 15001
156 15090
157 15179
158 15268
159 15357
160 15446
161 15534
162 15623
163 15711
164 15799
165 15887
166 15975
167 16063
168 16150
169 16238
170 16325
171 16412
172 16499
173 16586
174 16672
175 16759
176 16845
177 16931
178 17017
179 17103
180 17189
181 17274
182 17360
183 17445
184 17530
185 17615
186 17699
187 17784
188 17868
189 17952
190 18036
191 18120
192 18204
193 18287
194 18371
195 18454
196 18537
197 18620
198 18702
199 18785
200 18867
201 18949
202 19031
203 19113
204 19194
205 19276
206 19357
207 19438
208 19519
209 19599
210 19680
211 19760
212 19840
213 19920
214 20000
215 20079
216 20159
217 20238
218 20317
219 20396
220 20474
221 20553
222 20631
223 20709
224 20787
225 20864
226 20942
227 21019
228 21096
229 21173
230 21249
231 21326
232 21402
233 21478
234 21554
235 21629
236 21705
237 21780
238 21855
239 21930
240 22004
241 22079
242 22153
243 22227
244 22301
245 22374
246 22448
247 22521
248 22594
249 22666
250 22739
251 22811
252 22883
253 22955
254 23027
255 23098
256 23169
257 23240
258 23311
259 23382
260 23452
261 23522
262 23592
263 23661
264 23731
265 23800
266 23869
267 23938
268 24006
269 24075
270 24143
271 24211
272 24278
273 24346
274 24413
275 24480
276 24546
277 24613
278 24679
279 24745
280 24811
281 24877
282 24942
283 25007
284 25072
285 25136
286 25201
287 25265
288 25329
289 25392
290 25456
291 25519
292 25582
293 25645
294 25707
295 25769
296 25831
297 25893
298 25954
299 26016
300 26077
301 26137
302 26198
303 26258
304 26318
305 26378
306 26437
307 26497
308 26556
309 26615
310 26673
311 26731
312 26789
313 26847
314 26905
315 26962
316 27019
317 27076
318 27132
319 27188
320 27244
321 27300
322 27355
323 27411
324 27466
325 27520
326 27575
327 27629
328 27683
329 27736
330 27790
331 27843
332 27896
333 27948
334 28001
335 28053
336 28105
337 28156
338 28208
339 28259
340 28309
341 28360
342 28410
343 28460
344 28510
345 28559
346 28608
347 28657
348 28706
349 28754
350 28802
351 28850
352 28897
353 28945
354 28992
355 29038
356 29085
357 29131
358 29177
359 29222
360 29268
361 29313
362 29358
363 29402
364 29446
365 29490
366 29534
367 29577
368 29621
369 29663
370 29706
371 29748
372 29790
373 29832
374 29873
375 29915
376 29955
377 29996
378 30036
379 30076
380 30116
381 30156
382 30195
383 30234
384 30272
385 30311
386 30349
387 30386
388 30424
389 30461
390 30498
391 30535
392 30571
393 30607
394 30643
395 30678
396 30713
397 30748
398 30783
399 30817
400 30851
401 30885
402 30918
403 30951
404 30984
405 31017
406 31049
407 31081
408 31113
409 31144
410 31175
411 31206
412 31236
413 31267
414 31297
415 31326
416 31356
417 31385
418 31413
419 31442
420 31470
421 31498
422 31525
423 31553
424 31580
425 31606
426 31633
427 31659
428 31684
429 31710
430 31735
431 31760
432 31785
433 31809
434 31833
435 31856
436 31880
437 31903
438 31926
439 31948
440 31970
441 31992
442 32014
443 32035
444 32056
445 32077
446 32097
447 32117
448 32137
449 32156
450 32176
451 32194
452 32213
453 32231
454 32249
455 32267
456 32284
457 32301
458 32318
459 32334
460 32350
461 32366
462 32382
463 32397
464 32412
465 32426
466 32441
467 32455
468 32468
469 32482
470 32495
471 32508
472 32520
473 32532
474 32544
475 32556
476 32567
477 32578
478 32588
479 32599
480 32609
481 32618
482 32628
483 32637
484 32646
485 32654
486 32662
487 32670
488 32678
489 32685
490 32692
491 32699
492 32705
493 32711
494 32717
495 32722
496 32727
497 32732
498 32736
499 32740
500 32744
501 32748
502 32751
503 32754
504 32757
505 32759
506 32761
507 32763
508 32764
509 32765
510 32766
511 32766
512 32767
513 32766
514 32766
515 32765
516 32764
517 32763
518 32761
519 32759
520 32757
521 32754
522 32751
523 32748
524 32744
525 32740
526 32736
527 32732
528 32727
529 32722
530 32717
531 32711
532 32705
533 32699
534 32692
535 32685
536 32678
537 32670
538 32662
539 32654
540 32646
541 32637
542 32628
543 32618
544 32609
545 32599
546 32588
547 32578
548 32567
549 32556
550 32544
551 32532
552 32520
553 32508
554 32495
555 32482
556 32468
557 32455
558 32441
559 32426
560 32412
561 32397
562 32382
563 32366
564 32350
565 32334
566 32318
567 32301
568 32284
569 32267
570 32249
571 32231
572 32213
573 32194
574 32176
575 32156
576 32137
577 32117
578 32097
579 32077
580 32056
581 32035
582 32014
583 31992
584 31970
585 31948
586 31926
587 31903
588 31880
589 31856
590 31833
591 31809
592 31785
593 31760
594 31735
595 31710
596 31684
597 31659
598 31633
599 31606
600 31580
601 31553
602 31525
603 31498
604 31470
605 31442
606 31413
607 31385
608 31356
609 31326
610 31297
611 31267
612 31236
613 31206
614 31175
615 31144
616 31113
617 31081
618 31049
619 31017
620 30984
621 30951
622 30918
623 30885
624 30851
625 30817
626 30783
627 30748
628 30713
629 30678
630 30643
631 30607
632 30571
633 30535
634 30498
635 30461
636 30424
637 30386
638 30349
639 30311
640 30272
641 30234
642 30195
643 30156
644 30116
645 30076
646 30036
647 29996
648 29955
649 29915
650 29873
651 29832
652 29790
653 29748
654 29706
655 29663
656 29621
657 29577
658 29534
659 29490
660 29446
661 29402
662 29358
663 29313
664 29268
665 29222
666 29177
667 29131
668 29085
669 29038
670 28992
671 28945
672 28897
673 28850
674 28802
675 28754
676 28706
677 28657
678 28608
679 28559
680 28510
681 28460
682 28410
683 28360
684 28309
685 28259
686 28208
687 28156
688 28105
689 28053
690 28001
691 27948
692 27896
693 27843
694 27790
695 27736
696 27683
697 27629
698 27575
699 27520
700 27466
701 27411
702 27355
703 27300
704 27244
705 27188
706 27132
707 27076
708 27019
709 26962
710 26905
711 26847
712 26789
713 26731
714 26673
715 26615
716 26556
717 26497
718 26437
719 26378
720 26318
721 26258
722 26198
723 26137
724 26077
725 26016
726 25954
727 25893
728 25831
729 25769
730 25707
731 25645
732 25582
733 25519
734 25456
735 25392
736 25329
737 25265
738 25201
739 25136
740 25072
741 25007
742 24942
743 24877
744 24811
745 24745
746 24679
747 24613
748 24546
749 24480
750 24413
751 24346
752 24278
753 24211
754 24143
755 24075
756 24006
757 23938
758 23869
759 23800
760 23731
761 23661
762 23592
763 23522
764 23452
765 23382
766 23311
767 23240
768 23169
769 23098
770 23027
771 22955
772 22883
773 22811
774 22739
775 22666
776 22594
777 22521
778 22448
779 22374
780 22301
781 22227
782 22153
783 22079
784 22004
785 21930
786 21855
787 21780
788 21705
789 21629
790 21554
791 21478
792 21402
793 21326
794 21249
795 21173
796 21096
797 21019
798 20942
799 20864
800 20787
801 20709
802 20631
803 20553
804 20474
805 20396
806 20317
807 20238
808 20159
809 20079
810 20000
811 19920
812 19840
813 19760
814 19680
815 19599
816 19519
817 19438
818 19357
819 19276
820 19194
821 19113
822 19031
823 18949
824 18867
825 18785
826 18702
827 18620
828 18537
829 18454
830 18371
831 18287
832 18204
833 18120
834 18036
835 17952
836 17868
837 17784
838 17699
839 17615
840 17530
841 17445
842 17360
843 17274
844 17189
845 17103
846 17017
847 16931
848 16845
849 16759
850 16672
851 16586
852 16499
853 16412
854 16325
855 16238
856 16150
857 16063
858 15975
859 15887
860 15799
861 15711
862 15623
863 15534
864 15446
865 15357
866 15268
867 15179
868 15090
869 15001
870 14911
871 14822
872 14732
873 14642
874 14552
875 14462
876 14372
877 14281
878 14191
879 14100
880 14009
881 13918
882 13827
883 13736
884 13645
885 13553
886 13462
887 13370
888 13278
889 13186
890 13094
891 13002
892 12909
893 12817
894 12724
895 12632
896 12539
897 12446
898 12353
899 12260
900 12166
901 12073
902 11980
903 11886
904 11792
905 11698
906 11604
907 11510
908 11416
909 11322
910 11227
911 11133
912 11038
913 10944
914 10849
915 10754
916 10659
917 10564
918 10469
919 10373
920 10278
921 10182
922 10087
923 9991
924 9895
925 9799
926 9703
927 9607
928 9511
929 9415
930 9319
931 9222
932 9126
933 9029
934 8932
935 8836
936 8739
937 8642
938 8545
939 8448
940 8351
941 8253
942 8156
943 8059
944 7961
945 7864
946 7766
947 7668
948 7571
949 7473
950 7375
951 7277
952 7179
953 7081
954 6982
955 6884
956 6786
957 6688
958 6589
959 6491
960 6392
961 6293
962 6195
963 6096
964 5997
965 5898
966 5799
967 5700
968 5601
969 5502
970 5403
971 5304
972 5205
973 5106
974 5006
975 4907
976 4807
977 4708
978 4608
979 4509
980 4409
981 4310
982 4210
983 4110
984 4011
985 3911
986 3811
987 3711
988 3611
989 3511
990 3411
991 3311
992 3211
993 3111
994 3011
995 2911
996 2811
997 2711
998 2610
999 2510
1000 2410
1001 2310
1002 2209
1003 2109
1004 2009
1005 1908
1006 1808
1007 1708
1008 1607
1009 1507
1010 1406
1011 1306
1012 1206
1013 1105
1014 1005
1015 904
1016 804
1017 703
1018 603
1019 502
1020 402
1021 301
1022 201
1023 100
1024 0
1025 -100
1026 -201
1027 -301
1028 -402
1029 -502
1030 -603
1031 -703
1032 -804
1033 -904
1034 -1005
1035 -1105
1036 -1206
1037 -1306
1038 -1406
1039 -1507
1040 -1607
1041 -1708
1042 -1808
1043 -1908
1044 -2009
1045 -2109
1046 -2209
1047 -2310
1048 -2410
1049 -2510
1050 -2610
1051 -2711
1052 -2811
1053 -2911
1054 -3011
1055 -3111
1056 -3211
1057 -3311
1058 -3411
1059 -3511
1060 -3611
1061 -3711
1062 -3811
1063 -3911
1064 -4011
1065 -4110
1066 -4210
1067 -4310
1068 -4409
1069 -4509
1070 -4608
1071 -4708
1072 -4807
1073 -4907
1074 -5006
1075 -5106
1076 -5205
1077 -5304
1078 -5403
1079 -5502
1080 -5601
1081 -5700
1082 -5799
1083 -5898
1084 -5997
1085 -6096
1086 -6195
1087 -6293
1088 -6392
1089 -6491
1090 -6589
1091 -6688
1092 -6786
1093 -6884
1094 -6982
1095 -7081
1096 -7179
1097 -7277
1098 -7375
1099 -7473
1100 -7571
1101 -7668
1102 -7766
1103 -7864
1104 -7961
1105 -8059
1106 -8156
1107 -8253
1108 -8351
1109 -8448
1110 -8545
1111 -8642
1112 -8739
1113 -8836
1114 -8932
1115 -9029
1116 -9126
1117 -9222
1118 -9319
1119 -9415
1120 -9511
1121 -9607
1122 -9703
1123 -9799
1124 -9895
1125 -9991
1126 -10087
1127 -10182
1128 -10278
1129 -10373
1130 -10469
1131 -10564
1132 -10659
1133 -10754
1134 -10849
1135 -10944
1136 -11038
1137 -11133
1138 -11227
1139 -11322
1140 -11416
1141 -11510
1142 -11604
1143 -11698
1144 -11792
1145 -11886
1146 -11980
1147 -12073
1148 -12166
1149 -12260
1150 -12353
1151 -12446
1152 -12539
1153 -12632
1154 -12724
1155 -12817
1156 -12909
1157 -13002
1158 -13094
1159 -13186
1160 -13278
1161 -13370
1162 -13462
1163 -13553
1164 -13645
1165 -13736
1166 -13827
1167 -13918
1168 -14009
1169 -14100
1170 -14191
1171 -14281
1172 -14372
1173 -14462
1174 -14552
1175 -14642
1176 -14732
1177 -14822
1178 -14911
1179 -15001
1180 -15090
1181 -15179
1182 -15268
1183 -15357
1184 -15446
1185 -15534
1186 -15623
1187 -15711
1188 -15799
1189 -15887
1190 -15975
1191 -16063
1192 -16150
1193 -16238
1194 -16325
1195 -16412
1196 -16499
1197 -16586
1198 -16672
1199 -16759
1200 -16845
1201 -16931
1202 -17017
1203 -17103
1204 -17189
1205 -17274
1206 -17360
1207 -17445
1208 -17530
1209 -17615
1210 -17699
1211 -17784
1212 -17868
1213 -17952
1214 -18036
1215 -18120
1216 -18204
1217 -18287
1218 -18371
1219 -18454
1220 -18537
1221 -18620
1222 -18702
1223 -18785
1224 -18867
1225 -18949
1226 -19031
1227 -19113
1228 -19194
1229 -19276
1230 -19357
1231 -19438
1232 -19519
1233 -19599
1234 -19680
1235 -19760
1236 -19840
1237 -19920
1238 -20000
1239 -20079
1240 -20159
1241 -20238
1242 -20317
1243 -20396
1244 -20474
1245 -20553
1246 -20631
1247 -20709
1248 -20787
1249 -20864
1250 -20942
1251 -21019
1252 -21096
1253 -21173
1254 -21249
1255 -21326
1256 -21402
1257 -21478
1258 -21554
1259 -21629
1260 -21705
1261 -21780
1262 -21855
1263 -21930
1264 -22004
1265 -22079
1266 -22153
1267 -22227
1268 -22301
1269 -22374
1270 -22448
1271 -22521
1272 -22594
1273 -22666
1274 -22739
1275 -22811
1276 -22883
1277 -22955
1278 -23027
1279 -23098
1280 -23169
1281 -23240
1282 -23311
1283 -23382
1284 -23452
1285 -23522
1286 -23592
1287 -23661
1288 -23731
1289 -23800
1290 -23869
1291 -23938
1292 -24006
1293 -24075
1294 -24143
1295 -24211
1296 -24278
1297 -24346
1298 -24413
1299 -24480
1300 -24546
1301 -24613
1302 -24679
1303 -24745
1304 -24811
1305 -24877
1306 -24942
1307 -25007
1308 -25072
1309 -25136
1310 -25201
1311 -25265
1312 -25329
1313 -25392
1314 -25456
1315 -25519
1316 -25582
1317 -25645
1318 -25707
1319 -25769
1320 -25831
1321 -25893
1322 -25954
1323 -26016
1324 -26077
1325 -26137
1326 -26198
1327 -26258
1328 -26318
1329 -26378
1330 -26437
1331 -26497
1332 -26556
1333 -26615
1334 -26673
1335 -26731
1336 -26789
1337 -26847
1338 -26905
1339 -26962
1340 -27019
1341 -27076
1342 -27132
1343 -27188
1344 -27244
1345 -27300
1346 -27355
1347 -27411
1348 -27466
1349 -27520
1350 -27575
1351 -27629
1352 -27683
1353 -27736
1354 -27790
1355 -27843
1356 -27896
1357 -27948
1358 -28001
1359 -28053
1360 -28105
1361 -28156
1362 -28208
1363 -28259
1364 -28309
1365 -28360
1366 -28410
1367 -28460
1368 -28510
1369 -28559
1370 -28608
1371 -28657
1372 -28706
1373 -28754
1374 -28802
1375 -28850
1376 -28897
1377 -28945
1378 -28992
1379 -29038
1380 -29085
1381 -29131
1382 -29177
1383 -29222
1384 -29268
1385 -29313
1386 -29358
1387 -29402
1388 -29446
1389 -29490
1390 -29534
1391 -29577
1392 -29621
1393 -29663
1394 -29706
1395 -29748
1396 -29790
1397 -29832
1398 -29873
1399 -29915
1400 -29955
1401 -29996
1402 -30036
1403 -30076
1404 -30116
1405 -30156
1406 -30195
1407 -30234
1408 -30272
1409 -30311
1410 -30349
1411 -30386
1412 -30424
1413 -30461
1414 -30498
1415 -30535
1416 -30571
1417 -30607
1418 -30643
1419 -30678
1420 -30713
1421 -30748
1422 -30783
1423 -30817
1424 -30851
1425 -30885
1426 -30918
1427 -30951
1428 -30984
1429 -31017
1430 -31049
1431 -31081
1432 -31113
1433 -31144
1434 -31175
1435 -31206
1436 -31236
1437 -31267
1438 -31297
1439 -31326
1440 -31356
1441 -31385
1442 -31413
1443 -31442
1444 -31470
1445 -31498
1446 -31525
1447 -31553
1448 -31580
1449 -31606
1450 -31633
1451 -31659
1452 -31684
1453 -31710
1454 -31735
1455 -31760
1456 -31785
1457 -31809
1458 -31833
1459 -31856
1460 -31880
1461 -31903
1462 -31926
1463 -31948
1464 -31970
1465 -31992
1466 -32014
1467 -32035
1468 -32056
1469 -32077
1470 -32097
1471 -32117
1472 -32137
1473 -32156
1474 -32176
1475 -32194
1476 -32213
1477 -32231
1478 -32249
1479 -32267
1480 -32284
1481 -32301
1482 -32318
1483 -32334
1484 -32350
1485 -32366
1486 -32382
1487 -32397
1488 -32412
1489 -32426
1490 -32441
1491 -32455
1492 -32468
1493 -32482
1494 -32495
1495 -32508
1496 -32520
1497 -32532
1498 -32544
1499 -32556
1500 -32567
1501 -32578
1502 -32588
1503 -32599
1504 -32609
1505 -32618
1506 -32628
1507 -32637
1508 -32646
1509 -32654
1510 -32662
1511 -32670
1512 -32678
1513 -32685
1514 -32692
1515 -32699
1516 -32705
1517 -32711
1518 -32717
1519 -32722
1520 -32727
1521 -32732
1522 -32736
1523 -32740
1524 -32744
1525 -32748
1526 -32751
1527 -32754
1528 -32757
1529 -32759
1530 -32761
1531 -32763
1532 -32764
1533 -32765
1534 -32766
1535 -32766
1536 -32767
1537 -32766
1538 -32766
1539 -32765
1540 -32764
1541 -32763
1542 -32761
1543 -32759
1544 -32757
1545 -32754
1546 -32751
1547 -32748
1548 -32744
1549 -32740
1550 -32736
1551 -32732
1552 -32727
1553 -32722
1554 -32717
1555 -32711
1556 -32705
1557 -32699
1558 -32692
1559 -32685
1560 -32678
1561 -32670
1562 -32662
1563 -32654
1564 -32646
1565 -32637
1566 -32628
1567 -32618
1568 -32609
1569 -32599
1570 -32588
1571 -32578
1572 -32567
1573 -32556
1574 -32544
1575 -32532
1576 -32520
1577 -32508
1578 -32495
1579 -32482
1580 -32468
1581 -32455
1582 -32441
1583 -32426
1584 -32412
1585 -32397
1586 -32382
1587 -32366
1588 -32350
1589 -32334
1590 -32318
1591 -32301
1592 -32284
1593 -32267
1594 -32249
1595 -32231
1596 -32213
1597 -32194
1598 -32176
1599 -32156
1600 -32137
1601 -32117
1602 -32097
1603 -32077
1604 -32056
1605 -32035
1606 -32014
1607 -31992
1608 -31970
1609 -31948
1610 -31926
1611 -31903
1612 -31880
1613 -31856
1614 -31833
1615 -31809
1616 -31785
1617 -31760
1618 -31735
1619 -31710
1620 -31684
1621 -31659
1622 -31633
1623 -31606
1624 -31580
1625 -31553
1626 -31525
1627 -31498
1628 -31470
1629 -31442
1630 -31413
1631 -31385
1632 -31356
1633 -31326
1634 -31297
1635 -31267
1636 -31236
1637 -31206
1638 -31175
1639 -31144
1640 -31113
1641 -31081
1642 -31049
1643 -31017
1644 -30984
1645 -30951
1646 -30918
1647 -30885
1648 -30851
1649 -30817
1650 -30783
1651 -30748
1652 -30713
1653 -30678
1654 -30643
1655 -30607
1656 -30571
1657 -30535
1658 -30498
1659 -30461
1660 -30424
1661 -30386
1662 -30349
1663 -30311
1664 -30272
1665 -30234
1666 -30195
1667 -30156
1668 -30116
1669 -30076
1670 -30036
1671 -29996
1672 -29955
1673 -29915
1674 -29873
1675 -29832
1676 -29790
1677 -29748
1678 -29706
1679 -29663
1680 -29621
1681 -29577
1682 -29534
1683 -29490
1684 -29446
1685 -29402
1686 -29358
1687 -29313
1688 -29268
1689 -29222
1690 -29177
1691 -29131
1692 -29085
1693 -29038
1694 -28992
1695 -28945
1696 -28897
1697 -28850
1698 -28802
1699 -28754
1700 -28706
1701 -28657
1702 -28608
1703 -28559
1704 -28510
1705 -28460
1706 -28410
1707 -28360
1708 -28309
1709 -28259
1710 -28208
1711 -28156
1712 -28105
1713 -28053
1714 -28001
1715 -27948
1716 -27896
1717 -27843
1718 -27790
1719 -27736
1720 -27683
1721 -27629
1722 -27575
1723 -27520
1724 -27466
1725 -27411
1726 -27355
1727 -27300
1728 -27244
1729 -27188
1730 -27132
1731 -27076
1732 -27019
1733 -26962
1734 -26905
1735 -26847
1736 -26789
1737 -26731
1738 -26673
1739 -26615
1740 -26556
1741 -26497
1742 -26437
1743 -26378
1744 -26318
1745 -26258
1746 -26198
1747 -26137
1748 -26077
1749 -26016
1750 -25954
1751 -25893
1752 -25831
1753 -25769
1754 -25707
1755 -25645
1756 -25582
1757 -25519
1758 -25456
1759 -25392
1760 -25329
1761 -25265
1762 -25201
1763 -25136
1764 -25072
1765 -25007
1766 -24942
1767 -24877
1768 -24811
1769 -24745
1770 -24679
1771 -24613
1772 -24546
1773 -24480
1774 -24413
1775 -24346
1776 -24278
1777 -24211
1778 -24143
1779 -24075
1780 -24006
1781 -23938
1782 -23869
1783 -23800
1784 -23731
1785 -23661
1786 -23592
1787 -23522
1788 -23452
1789 -23382
1790 -23311
1791 -23240
1792 -23169
1793 -23098
1794 -23027
1795 -22955
1796 -22883
1797 -22811
1798 -22739
1799 -22666
1800 -22594
1801 -22521
1802 -22448
1803 -22374
1804 -22301
1805 -22227
1806 -22153
1807 -22079
1808 -22004
1809 -21930
1810 -21855
1811 -21780
1812 -21705
1813 -21629
1814 -21554
1815 -21478
1816 -21402
1817 -21326
1818 -21249
1819 -21173
1820 -21096
1821 -21019
1822 -20942
1823 -20864
1824 -20787
1825 -20709
1826 -20631
1827 -20553
1828 -20474
1829 -20396
1830 -20317
1831 -20238
1832 -20159
1833 -20079
1834 -20000
1835 -19920
1836 -19840
1837 -19760
1838 -19680
1839 -19599
1840 -19519
1841 -19438
1842 -19357
1843 -19276
1844 -19194
1845 -19113
1846 -19031
1847 -18949
1848 -18867
1849 -18785
1850 -18702
1851 -18620
1852 -18537
1853 -18454
1854 -18371
1855 -18287
1856 -18204
1857 -18120
1858 -18036
1859 -17952
1860 -17868
1861 -17784
1862 -17699
1863 -17615
1864 -17530
1865 -17445
1866 -17360
1867 -17274
1868 -17189
1869 -17103
1870 -17017
1871 -16931
1872 -16845
1873 -16759
1874 -16672
1875 -16586
1876 -16499
1877 -16412
1878 -16325
1879 -16238
1880 -16150
1881 -16063
1882 -15975
1883 -15887
1884 -15799
1885 -15711
1886 -15623
1887 -15534
1888 -15446
1889 -15357
1890 -15268
1891 -15179
1892 -15090
1893 -15001
1894 -14911
1895 -14822
1896 -14732
1897 -14642
1898 -14552
1899 -14462
1900 -14372
1901 -14281
1902 -14191
1903 -14100
1904 -14009
1905 -13918
1906 -13827
1907 -13736
1908 -13645
1909 -13553
1910 -13462
1911 -13370
1912 -13278
1913 -13186
1914 -13094
1915 -13002
1916 -12909
1917 -12817
1918 -12724
1919 -12632
1920 -12539
1921 -12446
1922 -12353
1923 -12260
1924 -12166
1925 -12073
1926 -11980
1927 -11886
1928 -11792
1929 -11698
1930 -11604
1931 -11510
1932 -11416
1933 -11322
1934 -11227
1935 -11133
1936 -11038
1937 -10944
1938 -10849
1939 -10754
1940 -10659
1941 -10564
1942 -10469
1943 -10373
1944 -10278
1945 -10182
1946 -10087
1947 -9991
1948 -9895
1949 -9799
1950 -9703
1951 -9607
1952 -9511
1953 -9415
1954 -9319
1955 -9222
1956 -9126
1957 -9029
1958 -8932
1959 -8836
1960 -8739
1961 -8642
1962 -8545
1963 -8448
1964 -8351
1965 -8253
1966 -8156
1967 -8059
1968 -7961
1969 -7864
1970 -7766
1971 -7668
1972 -7571
1973 -7473
1974 -7375
1975 -7277
1976 -7179
1977 -7081
1978 -6982
1979 -6884
1980 -6786
1981 -6688
1982 -6589
1983 -6491
1984 -6392
1985 -6293
1986 -6195
1987 -6096
1988 -5997
1989 -5898
1990 -5799
1991 -5700
1992 -5601
1993 -5502
1994 -5403
1995 -5304
1996 -5205
1997 -5106
1998 -5006
1999 -4907
2000 -4807
2001 -4708
2002 -4608
2003 -4509
2004 -4409
2005 -4310
2006 -4210
2007 -4110
2008 -4011
2009 -3911
2010 -3811
2011 -3711
2012 -3611
2013 -3511
2014 -3411
2015 -3311
2016 -3211
2017 -3111
2018 -3011
2019 -2911
2020 -2811
2021 -2711
2022 -2610
2023 -2510
2024 -2410
2025 -2310
2026 -2209
2027 -2109
2028 -2009
2029 -1908
2030 -1808
2031 -1708
2032 -1607
2033 -1507
2034 -1406
2035 -1306
2036 -1206
2037 -1105
2038 -1005
2039 -904
2040 -804
2041 -703
2042 -603
2043 -502
2044 -402
2045 -301
2046 -201
2047 -100
